-9
-8
-7
-6
-5
-11
-11
-11
-11
-11
-4
-3
-2
-1
0
-11
-11
-11
-11
-11
1
2
3
4
5
-11
-11
-11
-11
-11
-9
-8
-7
-6
-5
-11
-11
-11
-11
-11
-4
-3
-2
-1
0
-11
-11
-11
-11
-11
1
2
3
4
5
-11
-11
-11
-11
-11
-9
-8
-7
-6
-5
-11
-11
-11
-11
-11
-4
-3
-2
-1
0
-11
-11
-11
-11
-11
1
2
3
4
5
-11
-11
-11
-11
-11
-9
-8
-7
-6
-5
-11
-11
-11
-11
-11
-4
-3
-2
-1
0
-11
-11
-11
-11
-11
1
2
3
4
5
-11
-11
-11
-11
-11
-9
-8
-7
-6
-5
-11
-11
-11
-11
-11
-4
-3
-2
-1
0
-11
-11
-11
-11
-11
1
2
3
4
5
-11
-11
-11
-11
-11
-9
-8
-7
-6
-5
-11
-11
-11
-11
-11
-4
-3
-2
-1
0
-11
-11
-11
-11
-11
1
2
3
4
5
-11
-11
-11
-11
-11
-9
-8
-7
-6
-5
-11
-11
-11
-11
-11
-4
-3
-2
-1
0
-11
-11
-11
-11
-11
1
2
3
4
5
-11
-11
-11
-11
-11
-9
-8
-7
-6
-5
-11
-11
-11
-11
-11
-4
-3
-2
-1
0
-11
-11
-11
-11
-11
1
2
3
4
5
-11
-11
-11
-11
-11
