1
2
5
6
7
8
9
10
12
13
14
15
16
17
18
21
24
25
26
27
28
29
30
32
33
38
39
40
42
43
45
47
49
52
53
55
56
58
60
62
63
66
70
72
73
74
75
77
78
79
80
81
82
84
85
86
87
90
93
94
95
96
97
98
100
101
102
103
104
107
109
110
113
115
116
118
120
124
125
126
127
128
129
130
133
136
137
138
139
140
141
142
143
146
148
149
151
153
154
155
156
158
159
160
161
163
165
168
172
173
177
178
179
180
182
183
184
187
188
189
191
192
193
195
196
200
201
202
204
205
207
209
210
211
213
216
217
218
219
220
222
223
224
225
226
227
228
230
233
234
236
238
239
240
241
244
248
250
251
253
256
258
261
263
264
265
268
269
270
271
272
273
274
275
276
277
280
281
283
284
285
287
289
290
291
296
298
299
300
303
304
305
306
307
310
315
317
318
319
320
321
322
324
325
326
327
328
329
330
331
333
334
335
336
337
338
339
340
342
343
344
345
346
347
349
350
351
356
359
360
361
362
363
364
366
367
369
371
372
373
374
375
377
378
380
381
386
387
388
390
394
398
400
402
403
405
408
409
411
413
414
415
419
423
425
426
427
428
429
430
432
433
435
436
438
440
441
442
444
446
447
448
449
450
451
452
458
459
461
462
463
466
468
470
473
477
478
479
480
481
482
483
488
489
491
492
493
495
496
500
501
503
505
507
508
509
510
511
512
515
516
519
521
527
528
529
531
532
535
536
537
538
540
542
545
546
547
548
549
550
551
552
555
556
557
559
560
561
563
564
565
566
567
569
570
572
574
575
576
577
578
579
580
581
582
583
585
586
587
588
589
590
592
593
594
596
597
600
601
603
604
605
606
607
608
609
610
613
614
618
619
620
622
623
628
629
632
636
637
638
639
642
643
644
645
648
649
651
652
655
656
657
658
659
661
662
664
665
667
669
670
671
672
673
674
675
678
679
680
681
683
685
686
687
688
689
692
693
695
696
697
698
699
700
701
703
704
706
707
709
710
712
713
714
715
716
718
719
720
721
725
726
727
728
731
732
733
735
737
738
739
740
742
743
746
747
748
749
750
751
752
753
754
755
756
757
758
759
760
763
765
766
767
768
771
772
773
775
776
777
779
782
783
784
787
789
790
792
794
797
798
802
803
804
805
806
807
808
809
811
814
815
816
817
819
820
822
823
825
826
829
835
836
838
839
840
841
842
845
846
847
848
849
850
852
853
854
856
858
859
860
862
863
864
865
870
872
873
874
876
877
878
880
881
884
885
886
887
888
890
892
893
897
899
900
901
902
903
905
907
908
909
910
911
914
916
918
921
923
924
925
928
930
931
933
934
935
936
937
940
941
942
943
945
946
947
948
949
951
952
953
954
955
958
960
962
964
965
966
968
969
970
973
974
976
977
978
980
981
982
983
984
985
986
987
988
989
992
994
995
996
997
998
1000
1001
1003
1005
1006
1007
1008
1009
1010
1011
1012
1014
1015
1017
1018
1021
1022
1023
1025
1027
1030
1031
1032
1035
1037
1038
1039
1042
1043
1045
1046
1047
1049
1053
1054
1059
1060
1061
1065
1066
1069
1070
1071
1072
1073
1076
1077
1078
1079
1081
1083
1086
1087
1088
1089
1090
1093
1095
1096
1100
1101
1102
1103
1104
1105
1106
1108
1109
1110
1112
1113
1115
1116
1118
1120
1121
1123
1125
1127
1128
1129
1130
1131
1132
1133
1135
1136
1137
1139
1141
1144
1145
1146
1148
1149
1150
1152
1153
1155
1156
1157
1158
1159
1160
1161
1163
1164
1165
1166
1169
1171
1172
1173
1174
1176
1179
1180
1183
1186
1191
1196
1197
1198
1199
1200
1201
1207
1210
1211
1212
1213
1214
1215
1216
1217
1219
1221
1222
1223
1224
1225
1228
1229
1230
1231
1232
1234
1235
1236
1237
1238
1240
1241
1243
1244
1247
1248
1249
1252
1253
1255
1256
1260
1261
1262
1264
1266
1267
1269
1270
1275
1277
1278
1279
1280
1281
1282
1284
1286
1289
1294
1296
1299
1300
1301
1302
1304
1307
1308
1309
1310
1312
1313
1314
1315
1316
1317
1318
1320
1321
1323
1324
1325
1328
1329
1331
1333
1334
1335
1336
1337
1338
1339
1340
1341
1343
1344
1345
1347
1349
1350
1352
1354
1355
1356
1357
1358
1360
1361
1362
1364
1373
1375
1376
1377
1379
1380
1381
1383
1384
1385
1387
1388
1389
1390
1391
1393
1395
1397
1398
1399
1401
1402
1403
1405
1406
1411
1412
1413
1415
1416
1417
1418
1419
1420
1423
1424
1425
1428
1430
1431
1433
1434
1436
1438
1440
1445
1446
1448
1450
1452
1454
1455
1457
1458
1459
1460
1464
1465
1466
1467
1468
1469
1472
1474
1475
1479
1484
1485
1486
1487
1488
1490
1491
1493
1494
1495
1496
1498
1499
1501
1503
1504
1505
1506
1507
1509
1511
1514
1515
1518
1519
1520
1522
1526
1527
1528
1529
1531
1532
1533
1535
1536
1538
1540
1541
1543
1544
1545
1547
1552
1553
1554
1555
1556
1558
1563
1564
1565
1567
1569
1572
1573
1575
1576
1577
1578
1579
1580
1582
1584
1586
1587
1588
1589
1590
1591
1593
1594
1595
1598
1599
1601
1602
1603
1604
1605
1606
1608
1609
1612
1613
1614
1616
1617
1618
1620
1621
1622
1624
1627
1628
1629
1630
1631
1633
1634
1635
1638
1639
1640
1642
1645
1646
1649
1650
1652
1653
1654
1656
1657
1658
1659
1660
1662
1663
1664
1665
1666
1668
1670
1671
1672
1675
1676
1677
1678
1679
1680
1682
1683
1684
1686
1689
1691
1692
1696
1697
1701
1703
1705
1708
1710
1711
1713
1714
1715
1718
1719
1720
1722
1723
1725
1727
1728
1729
1736
1737
1738
1740
1742
1743
1744
1746
1747
1749
1750
1751
1752
1753
1755
1756
1757
1759
1760
1761
1763
1764
1766
1768
1770
1771
1774
1776
1778
1779
1780
1781
1782
1783
1784
1785
1786
1787
1788
1790
1793
1794
1795
1797
1799
1801
1802
1803
1804
1805
1806
1808
1810
1812
1813
1814
1815
1817
1818
1821
1822
1827
1828
1830
1834
1835
1839
1841
1842
1846
1849
1851
1852
1853
1854
1855
1856
1857
1859
1860
1861
1862
1864
1865
1868
1873
1875
1878
1880
1881
1882
1883
1886
1888
1889
1891
1893
1894
1896
1897
1898
1901
1903
1904
1906
1907
1908
1911
1912
1913
1914
1916
1917
1918
1920
1922
1923
1924
1928
1931
1932
1933
1934
1935
1936
1937
1938
1942
1944
1945
1947
1948
1949
1952
1953
1954
1957
1962
1963
1964
1965
1967
1968
1971
1973
1974
1975
1978
1979
1980
1982
1983
1986
1988
1989
1990
1991
1992
1994
1995
1996
1997
1998
1999
2000
2004
2005
2007
2008
2011
2012
2014
2015
2016
2017
2019
2020
2021
2022
2023
2024
2026
2027
2028
2030
2031
2033
2034
2038
2039
2042
2043
2045
2046
2049
2050
2051
2052
2053
2054
2055
2057
2060
2061
2063
2065
2068
2069
2071
2072
2074
2076
2077
2078
2081
2082
2083
2084
2088
2089
2090
2091
2092
2093
2094
2096
2098
2099
2100
2102
2103
2106
2109
2110
2111
2112
2113
2114
2116
2117
2118
2119
2120
2121
2122
2124
2125
2126
2128
2129
2130
2133
2134
2135
2140
2141
2142
2143
2144
2145
2146
2148
2151
2152
2155
2158
2159
2162
2163
2166
2167
2169
2170
2171
2172
2175
2179
2180
2181
2183
2184
2185
2186
2187
2188
2191
2192
2196
2197
2199
2201
2205
2206
2207
2210
2211
2212
2214
2215
2216
2217
2218
2219
2220
2221
2222
2225
2226
2227
2229
2230
2231
2233
2234
2240
2242
2245
2246
2247
2249
2250
2251
2252
2253
2256
2257
2258
2259
2260
2261
2262
2263
2264
2265
2267
2268
2269
2271
2272
2273
2274
2275
2276
2278
2279
2280
2282
2284
2285
2288
2290
2291
2294
2295
2296
2298
2300
2302
2303
2304
2306
2307
2308
2309
2310
2311
2314
2317
2319
2320
2321
2322
2323
2324
2325
2326
2327
2328
2329
2330
2331
2332
2333
2334
2336
2337
2338
2341
2342
2344
2345
2346
2347
2349
2350
2351
2352
2353
2354
2355
2356
2358
2360
2361
2362
2365
2366
2367
2368
2369
2371
2373
2376
2377
2378
2379
2380
2381
2382
2383
2385
2390
2391
2393
2394
2397
2398
2400
2402
2403
2404
2405
2407
2408
2409
2410
2411
2412
2413
2414
2415
2417
2418
2419
2420
2421
2422
2423
2424
2426
2429
2430
2431
2432
2433
2434
2435
2436
2438
2441
2444
2445
2448
2449
2450
2452
2453
2454
2455
2457
2458
2459
2462
2463
2464
2465
2467
2468
2470
2471
2472
2473
2475
2477
2478
2479
2480
2481
2488
2489
2490
2491
2492
2495
2497
2499
2501
2503
2505
2507
2508
2509
2510
2511
2512
2513
2514
2515
2516
2517
2520
2521
2522
2523
2524
2525
2527
2529
2530
2532
2534
2536
2539
2540
2541
2542
2545
2546
2547
2548
2549
2550
2554
2555
2556
2557
2560
2561
2562
2565
2567
2568
2569
2571
2572
2573
2574
2575
2576
2577
2581
2583
2584
2587
2588
2589
2591
2596
2597
2598
2599
2600
2601
2603
2604
2606
2607
2608
2609
2610
2614
2615
2616
2619
2623
2624
2625
2628
2629
2630
2631
2632
2634
2635
2637
2638
2639
2640
2641
2642
2644
2645
2646
2647
2650
2651
2652
2655
2657
2658
2659
2661
2662
2663
2664
2665
2667
2669
2670
2672
2673
2674
2675
2676
2678
2679
2681
2682
2683
2684
2685
2686
2687
2688
2689
2690
2691
2693
2695
2696
2698
2699
2700
2701
2704
2705
2708
2709
2710
2711
2714
2716
2717
2718
2721
2722
2724
2727
2728
2729
2730
2734
2735
2736
2737
2738
2742
2743
2745
2746
2747
2748
2749
2750
2752
2754
2755
2756
2758
2759
2762
2763
2764
2766
2767
2768
2771
2772
2773
2775
2776
2777
2779
2780
2781
2782
2783
2784
2785
2787
2788
2789
2790
2791
2792
2793
2794
2795
2796
2799
2801
2802
2803
2804
2805
2806
2807
2808
2809
2810
2811
2816
2817
2820
2821
2823
2824
2825
2826
2828
2830
2831
2832
2834
2836
2837
2839
2841
2844
2845
2846
2847
2848
2849
2851
2852
2854
2856
2857
2858
2859
2861
2862
2863
2864
2865
2868
2871
2873
2874
2882
2883
2886
2888
2893
2894
2896
2898
2899
2901
2903
2904
2905
2906
2907
2909
2911
2913
2914
2915
2916
2917
2918
2920
2921
2923
2926
2927
2928
2929
2930
2933
2934
2935
2936
2937
2939
2941
2942
2944
2945
2947
2949
2950
2951
2952
2954
2957
2958
2959
2962
2965
2966
2967
2968
2969
2970
2971
2972
2974
2975
2976
2978
2979
2980
2982
2983
2984
2985
2986
2987
2988
2989
2992
2993
2996
2997
2998
2999
3002
3003
3004
3005
3006
3008
3010
3012
3013
3014
3016
3019
3020
3021
3022
3023
3024
3025
3026
3029
3030
3031
3032
3036
3037
3039
3040
3041
3043
3044
3046
3047
3048
3052
3053
3056
3059
3061
3063
3066
3067
3069
3070
3072
3073
3075
3076
3077
3078
3079
3080
3081
3082
3083
3084
3088
3090
3092
3093
3097
3098
3099
3100
3102
3104
3105
3107
3108
3109
3110
3112
3113
3114
3115
3116
3118
3122
3123
3124
3126
3127
3128
3129
3130
3133
3134
3135
3137
3140
3142
3143
3148
3150
3154
3157
3158
3159
3160
3161
3163
3165
3166
3167
3168
3169
3170
3171
3175
3176
3177
3178
3179
3182
3184
3185
3186
3187
3189
3190
3191
3192
3194
3195
3196
3198
3200
3202
3204
3205
3206
3207
3208
3209
3210
3215
3216
3217
3218
3219
3220
3223
3224
3226
3227
3228
3229
3231
3233
3234
3235
3238
3239
3240
3242
3244
3247
3248
3249
3254
3255
3258
3259
3260
3261
3262
3264
3265
3266
3267
3268
3269
3272
3274
3275
3276
3277
3283
3285
3286
3287
3288
3289
3290
3291
3292
3293
3295
3297
3298
3300
3301
3302
3303
3304
3307
3308
3309
3312
3314
3316
3317
3318
3320
3321
3322
3323
3326
3329
3336
3337
3339
3340
3341
3342
3343
3344
3346
3348
3350
3351
3354
3355
3356
3357
3359
3362
3364
3366
3368
3369
3370
3371
3373
3374
3375
3376
3377
3378
3380
3381
3382
3385
3386
3389
3390
3392
3395
3396
3397
3398
3399
3400
3401
3406
3408
3410
3416
3417
3421
3423
3426
3429
3430
3431
3433
3435
3436
3438
3440
3441
3443
3444
3445
3446
3447
3448
3450
3454
3458
3459
3460
3462
3464
3465
3471
3472
3476
3477
3478
3480
3481
3483
3484
3485
3486
3487
3488
3490
3491
3492
3495
3496
3498
3499
3500
3501
3503
3504
3505
3509
3510
3511
3512
3514
3515
3516
3518
3519
3523
3525
3526
3527
3530
3531
3532
3538
3542
3544
3545
3546
3548
3549
3550
3551
3552
3555
3557
3558
3559
3561
3562
3563
3564
3565
3566
3567
3571
3575
3579
3580
3581
3582
3583
3584
3586
3589
3592
3594
3595
3598
3600
3601
3602
3604
3605
3606
3609
3610
3611
3612
3614
3617
3619
3624
3626
3627
3628
3629
3630
3633
3634
3638
3639
3640
3641
3645
3646
3648
3649
3651
3652
3653
3655
3656
3657
3659
3660
3661
3662
3663
3665
3668
3670
3671
3672
3673
3674
3676
3677
3678
3679
3681
3683
3684
3685
3686
3687
3690
3691
3692
3693
3694
3695
3696
3702
3703
3704
3705
3707
3709
3710
3711
3715
3716
3717
3718
3719
3722
3723
3724
3725
3729
3731
3733
3734
3735
3736
3737
3740
3741
3742
3746
3747
3748
3749
3754
3755
3756
3757
3759
3763
3764
3765
3766
3767
3769
3770
3771
3772
3775
3776
3777
3778
3780
3781
3782
3784
3785
3786
3787
3788
3790
3791
3794
3795
3797
3799
3800
3801
3802
3803
3805
3806
3808
3809
3810
3813
3814
3816
3817
3818
3820
3822
3825
3826
3827
3828
3829
3832
3833
3834
3835
3836
3837
3841
3845
3846
3847
3848
3849
3850
3851
3852
3855
3856
3857
3858
3859
3860
3861
3862
3863
3864
3868
3869
3871
3876
3878
3879
3880
3881
3882
3883
3888
3889
3893
3894
3896
3897
3898
3899
3900
3901
3902
3903
3904
3906
3908
3909
3910
3911
3912
3913
3914
3915
3918
3919
3921
3923
3924
3926
3927
3929
3930
3931
3932
3935
3937
3938
3939
3941
3942
3943
3944
3945
3946
3947
3948
3950
3951
3952
3954
3955
3956
3958
3959
3960
3961
3962
3963
3964
3965
3966
3967
3969
3975
3978
3980
3981
3983
3984
3985
3987
3988
3989
3991
3992
3993
3994
3998
3999
4001
4002
4004
4005
4006
4007