1
3
4
6
9
11
12
13
16
18
20
21
23
24
25
26
27
29
31
32
33
35
36
37
38
42
43
44
46
49
50
51
52
53
54
56
57
60
61
62
63
64
67
68
69
71
72
74
76
77
78
79
81
82
83
84
85
89
91
92
93
95
96
97
98
100
102
103
105
106
107
109
110
112
115
119
120
121
122
128
130
131
132
133
134
139
141
142
144
145
146
147
148
149
150
151
152
154
159
162
163
164
168
170
173
174
175
179
180
182
185
186
187
188
189
190
191
192
194
195
197
200
202
205
207
210
211
213
215
217
220
221
222
223
225
228
230
232
233
234
236
238
239
240
241
242
243
244
247
248
249
250
252
253
254
258
261
264
266
269
270
271
272
273
274
275
281
282
283
284
287
288
290
291
292
293
294
295
298
299
300
301
304
307
308
310
312
313
314
315
316
317
318
319
320
321
322
323
324
325
326
327
328
329
330