1
2
5
6
7
8
9
10
12
13
14
15
16
17
18
21
24
25
26
27
28
29
30
32
33
38
39
40
42
43
45
47
49
52
53
55
56
58
60
62
63
66
70
72
73
74
75
77
78
79
80
81
82
84
85
86
87
90
93
94
95
96
97
98
100
101
102
103
104
107
109
110
113
115
116
118
120
124
125
126
127
128
129
130
133
136
137
138
139
140
141
142
143
146
148
149
151
153
154
155
156
158
159
160
161
163
165
168
172
173
177
178
179
180
182
183
184
187
188
189
191
192
193
195
196
200
201
202
204
205
207
209
210
211
213
216
217
218
219
220
222
223
224
225
226
227
228
230
233
234
236
238
239
240
241
244
248
250
251
253
256
258
261
263
264
265
268
269
270
271
272
273
274
275
276
277
280
281
283
284
285
287
289
290
291
296
298
299
300
303
304
305
306
307
310
315
317
318
319
320
321
322
324
325
326
327
328
329
330
331
333
334
335
336
337
338
339
340
342
343
344
345
346
347
349
350
351
356
359
360
361
362
363
364
366
367
369
371
372
373
374
375
377
378
380
381
386
387
388
390
394
398
400
402
403
405
408
409
411
413
414
415
419
423
425
426
427
428
429
430
432
433
435
436
438
440
441
442
444
446
447
448
449
450
451
452
458
459
461
462
463
466
468
470
473
477
478
479
480
481
482
483
488
489
491
492
493
495
496
500
501
503
505
507
508
509
510
511
512
515
516
519
521
527
528
529
531
532
535
536
537
538
540
542
545
546
547
548
549
550
551
552
555
556
557
559
560
561
563
564
565
566
567
569
570
572
574
575
576
577
578
579
580
581
582
583
585
586
587
588
589
590
592
593
594
596
597
600
601
603
604
605
606
607
608
609
610
613
614
618
619
620
622
623
628
629
632
636
637
638
639
642
643
644
645
648
649
651
652
655
656
657
658
659
661
662
664
665
667
669
670
671
672
673
674
675
678
679
680
681
683
685
686
687
688
689
692
693
695
696
697
698
699
700
701
703
704
706
707
709
710
712
713
714
715
716
718
719
720
721
725
726
727
728
731
732
733
735
737
738
739
740
742
743
746
747
748
749
750
751
752
753
754
755
756
757
758
759
760
763
765
766
767
768
771
772
773
775
776
777
779
782
783
784
787
789
790
792
794
797
798
802
803
804
805
806
807
808
809
811
814
815
816
817
819
820
822
823
825
826
829
835
836
838
839
840
841
842
845
846
847
848
849
850
852
853
854
856
858
859
860
862
863
864
865
870
872
873
874
876
877
878
880
881
884
885
886
887
888
890
892
893
897
899
900
901
902
903
905
907
908
909
910
911
914
916
918
921
923
924
925
928
930
931
933
934
935
936
937
940
941
942
943
945
946
947
948
949
951
952
953
954
955
958
960
962
964
965
966
968
969
970
973
974
976
977
978
980
981
982
983
984
985
986
987
988
989
992
994
995
996
997
998
1000
1001
1003
1005
1006
1007
1008
1009
1010
1011
1012
1014
1015
1017
1018
1021
1022
1023
1025
1027
1030
1031
1032
1035
1037
1038
1039
1042
1043
1045
1046
1047
1049
1053
1054
1059
1060
1061
1065
1066
1069
1070
1071
1072
1073
1076
1077
1078
1079
1081
1083
1086
1087
1088
1089
1090
1093
1095
1096
1100
1101
1102
1103
1104
1105
1106
1108
1109
1110
1112
1113
1115
1116
1118
1120
1121
1123
1125
1127
1128
1129
1130
1131
1132
1133
1135
1136
1137
1139
1141
1144
1145
1146
1148
1149
1150
1152
1153
1155
1156
1157
1158
1159
1160
1161
1163
1164
1165
1166
1169
1171
1172
1173
1174
1176
1179
1180
1183
1186
1191
1196
1197
1198
1199
1200
1201
1207
1210
1211
1212
1213
1214
1215
1216
1217
1219
1221
1222
1223
1224
1225
1228
1229
1230
1231
1232
1234
1235
1236
1237
1238
1240
1241
1243
1244
1247
1248
1249
1252
1253
1255
1256
1260
1261
1262
1264
1266
1267
1269
1270
1275
1277
1278
1279
1280
1281
1282
1284
1286
1289
1294
1296
1299
1300
1301
1302
1304
1307
1308
1309
1310
1312
1313
1314
1315
1316
1317
1318
1320
1321
1323
1324
1325
1328
1329
1331
1333
1334
1335
1336
1337
1338
1339
1340
1341
1343
1344
1345
1347
1349
1350
1352
1354
1355
1356
1357
1358
1360
1361
1362
1364
1373
1375
1376
1377
1379
1380
1381
1383
1384
1385
1387
1388
1389
1390
1391
1393
1395
1397
1398
1399
1401
1402
1403
1405
1406
1411
1412
1413
1415
1416
1417
1418
1419
1420
1423
1424
1425
1428
1430
1431
1433
1434
1436
1438
1440
1445
1446
1448
1450
1452
1454
1455
1457
1458
1459
1460
1464
1465
1466
1467
1468
1469
1472
1474
1475
1479
1484
1485
1486
1487
1488
1490
1491
1493
1494
1495
1496
1498
1499
1501
1503
1504
1505
1506
1507
1509
1511
1514
1515
1518
1519
1520
1522
1526
1527
1528
1529
1531
1532
1533
1535
1536
1538
1540
1541
1543
1544
1545
1547
1552
1553
1554
1555
1556
1558
1563
1564
1565
1567
1569
1572
1573
1575
1576
1577
1578
1579
1580
1582
1584
1586
1587
1588
1589
1590
1591
1593
1594
1595
1598
1599
1601
1602
1603
1604
1605
1606
1608
1609
1612
1613
1614
1616
1617
1618
1620
1621
1622
1624
1627
1628
1629
1630
1631
1633
1634
1635
1638
1639
1640
1642
1645
1646
1649
1650
1652
1653
1654
1656
1657
1658
1659
1660
1662
1663
1664
1665
1666
1668
1670
1671
1672
1675
1676
1677
1678
1679
1680
1682
1683
1684
1686
1689
1691
1692
1696
1697
1701
1703
1705
1708
1710
1711
1713
1714
1715
1718
1719
1720
1722
1723
1725
1727
1728
1729
1736
1737
1738
1740
1742
1743
1744
1746
1747
1749
1750
1751
1752
1753
1755
1756
1757
1759
1760
1761
1763
1764
1766
1768
1770
1771
1774
1776
1778
1779
1780
1781
1782
1783
1784
1785
1786
1787
1788
1790
1793
1794
1795
1797
1799
1801
1802
1803
1804
1805
1806
1808
1810
1812
1813
1814
1815
1817
1818
1821
1822
1827
1828
1830
1834
1835
1839
1841
1842
1846
1849
1851
1852
1853
1854
1855
1856
1857
1859
1860
1861
1862
1864
1865
1868
1873
1875
1878
1880
1881
1882
1883
1886
1888
1889
1891
1893
1894
1896
1897
1898
1901
1903
1904
1906
1907
1908
1911
1912
1913
1914
1916
1917
1918
1920
1922
1923
1924
1928
1931
1932
1933
1934
1935
1936
1937
1938
1942
1944
1945
1947
1948
1949
1952
1953
1954
1957
1962
1963
1964
1965
1967
1968
1971
1973
1974
1975
1978
1979
1980
1982
1983
1986
1988
1989
1990
1991
1992
1994
1995
1996
1997
1998
1999
2000
2004
2005
2007
2008
2011
2012
2014
2015
2016
2017
2019
2020
2021
2022
2023
2024
2026
2027
2028
2030
2031
2033
2034
2038
2039
2042
2043
2045
2046
2049
2050
2051
2052
2053
2054
2055
2057
2060
2061
2063
2065
2068
2069
2071
2072
2074
2076
2077
2078
2081
2082
2083
2084
2088
2089
2090
2091
2092
2093
2094
2096
2098
2099
2100
2102
2103
2106
2109
2110
2111
2112
2113
2114
2116
2117
2118
2119
2120
2121
2122
2124
2125
2126
2128
2129
2130
2133
2134
2135
2140
2141
2142
2143
2144
2145
2146
2148
2151
2152
2155
2158
2159
2162
2163
2166
2167
2169
2170
2171
2172
2175
2179
2180
2181
2183
2184
2185
2186
2187
2188
2191
2192
2196
2197
2199
2201
2205
2206
2207
2210
2211
2212
2214
2215
2216
2217
2218
2219
2220
2221
2222
2225
2226
2227
2229
2230
2231
2233
2234
2240
2242
2245
2246
2247
2249
2250
2251
2252
2253
2256
2257
2258
2259
2260
2261
2262
2263
2264
2265
2267
2268
2269
2271
2272
2273
2274
2275
2276
2278
2279
2280
2282
2284
2285
2288
2290
2291
2294
2295
2296
2298
2300
2302
2303
2304
2306
2307
2308
2309
2310
2311
2314
2317
2319
2320
2321
2322
2323
2324
2325
2326
2327
2328
2329
2330
2331
2332
2333
2334
2336
2337
2338
2341
2342
2344
2345
2346
2347
2349
2350
2351
2352
2353
2354
2355
2356
2358
2360
2361
2362
2365
2366
2367
2368
2369
2371
2373
2376
2377
2378
2379
2380
2381
2382
2383
2385
2390
2391
2393
2394
2397
2398
2400
2402
2403
2404
2405
2407
2408
2409
2410
2411
2412
2413
2414
2415
2417
2418
2419
2420
2421
2422
2423
2424
2426
2429
2430
2431
2432
2433
2434
2435
2436
2438
2441
2444
2445
2448
2449
2450
2452
2453
2454
2455
2457
2458
2459
2462
2463
2464
2465
2467
2468
2470
2471
2472
2473
2475
2477
2478
2479
2480
2481
2488
2489
2490
2491
2492
2495
2497
2499
2501
2503
2505
2507
2508
2509
2510
2511
2512
2513
2514
2515
2516
2517
2520
2521
2522
2523
2524
2525
2527
2529
2530
2532
2534
2536
2539
2540
2541
2542
2545
2546
2547
2548
2549
2550
2554
2555
2556
2557
2560
2561
2562
2565
2567
2568
2569
2571
2572
2573
2574
2575
2576
2577
2581
2583
2584
2587
2588
2589
2591
2596
2597
2598
2599
2600
2601
2603
2604
2606
2607
2608
2609
2610
2614
2615
2616
2619
2623
2624
2625
2628
2629
2630
2631
2632
2634
2635
2637
2638
2639
2640
2641
2642
2644
2645
2646
2647
2650
2651
2652
2655
2657
2658
2659
2661
2662
2663
2664
2665
2667
2669
2670
2672
2673
2674
2675
2676
2678
2679
2681
2682
2683
2684
2685
2686
2687
2688
2689
2690
2691
2693
2695
2696
2698
2699
2700
2701
2704
2705
2708
2709
2710
2711
2714
2716
2717
2718
2721
2722
2724
2727
2728
2729
2730
2734
2735
2736
2737
2738
2742
2743
2745
2746
2747
2748
2749
2750
2752
2754
2755
2756
2758
2759
2762
2763
2764
2766
2767
2768
2771
2772
2773
2775
2776
2777
2779
2780
2781
2782
2783
2784
2785
2787
2788
2789
2790
2791
2792
2793
2794
2795
2796
2799
2801
2802
2803
2804
2805
2806
2807
2808
2809
2810
2811
2816
2817
2820
2821
2823
2824
2825
2826
2828
2830
2831
2832
2834
2836
2837
2839
2841
2844
2845
2846
2847
2848
2849
2851
2852
2854
2856
2857
2858
2859
2861
2862
2863
2864
2865
2868
2871
2873
2874
2882
2883
2886
2888
2893
2894
2896
2898
2899
2901
2903
2904
2905
2906
2907
2909
2911
2913
2914
2915
2916
2917
2918
2920
2921
2923
2926
2927
2928
2929
2930
2933
2934
2935
2936
2937
2939
2941
2942
2944
2945
2947
2949
2950
2951
2952
2954
2957
2958
2959
2962
2965
2966
2967
2968
2969
2970
2971
2972
2974
2975
2976
2978
2979
2980
2982
2983
2984
2985
2986
2987
2988
2989
2992
2993
2996
2997
2998
2999
3002
3003
3004
3005
3006
3008
3010
3012
3013
3014
3016
3019
3020
3021
3022
3023
3024
3025
3026
3029
3030
3031
3032
3036
3037
3039
3040
3041
3043
3044
3046
3047
3048
3052
3053
3056
3059
3061
3063
3066
3067
3069
3070
3072
3073
3075
3076
3077
3078
3079
3080
3081
3082
3083
3084
3088
3090
3092
3093
3097
3098
3099
3100
3102
3104
3105
3107
3108
3109
3110
3112
3113
3114
3115
3116
3118
3122
3123
3124
3126
3127
3128
3129
3130
3133
3134
3135
3137
3140
3142
3143
3148
3150
3154
3157
3158
3159
3160
3161
3163
3165
3166
3167
3168
3169
3170
3171
3175
3176
3177
3178
3179
3182
3184
3185
3186
3187
3189
3190
3191
3192
3194
3195
3196
3198
3200
3202
3204
3205
3206
3207
3208
3209
3210
3215
3216
3217
3218
3219
3220
3223
3224
3226
3227
3228
3229
3231
3233
3234
3235
3238
3239
3240
3242
3244
3247
3248
3249
3254
3255
3258
3259
3260
3261
3262
3264
3265
3266
3267
3268
3269
3272
3274
3275
3276
3277
3283
3285
3286
3287
3288
3289
3290
3291
3292
3293
3295
3297
3298
3300
3301
3302
3303
3304
3307
3308
3309
3312
3314
3316
3317
3318
3320
3321
3322
3323
3326
3329
3336
3337
3339
3340
3341
3342
3343
3344
3346
3348
3350
3351
3354
3355
3356
3357
3359
3362
3364
3366
3368
3369
3370
3371
3373
3374
3375
3376
3377
3378
3380
3381
3382
3385
3386
3389
3390
3392
3395
3396
3397
3398
3399
3400
3401
3406
3408
3410
3416
3417
3421
3423
3426
3429
3430
3431
3433
3435
3436
3438
3440
3441
3443
3444
3445
3446
3447
3448
3450
3454
3458
3459
3460
3462
3464
3465
3471
3472
3476
3477
3478
3480
3481
3483
3484
3485
3486
3487
3488
3490
3491
3492
3495
3496
3498
3499
3500
3501
3503
3504
3505
3509
3510
3511
3512
3514
3515
3516
3518
3519
3523
3525
3526
3527
3530
3531
3532
3538
3542
3544
3545
3546
3548
3549
3550
3551
3552
3555
3557
3558
3559
3561
3562
3563
3564
3565
3566
3567
3571
3575
3579
3580
3581
3582
3583
3584
3586
3589
3592
3594
3595
3598
3600
3601
3602
3604
3605
3606
3609
3610
3611
3612
3614
3617
3619
3624
3626
3627
3628
3629
3630
3633
3634
3638
3639
3640
3641
3645
3646
3648
3649
3651
3652
3653
3655
3656
3657
3659
3660
3661
3662
3663
3665
3668
3670
3671
3672
3673
3674
3676
3677
3678
3679
3681
3683
3684
3685
3686
3687
3690
3691
3692
3693
3694
3695
3696
3702
3703
3704
3705
3707
3709
3710
3711
3715
3716
3717
3718
3719
3722
3723
3724
3725
3729
3731
3733
3734
3735
3736
3737
3740
3741
3742
3746
3747
3748
3749
3754
3755
3756
3757
3759
3763
3764
3765
3766
3767
3769
3770
3771
3772
3775
3776
3777
3778
3780
3781
3782
3784
3785
3786
3787
3788
3790
3791
3794
3795
3797
3799
3800
3801
3802
3803
3805
3806
3808
3809
3810
3813
3814
3816
3817
3818
3820
3822
3825
3826
3827
3828
3829
3832
3833
3834
3835
3836
3837
3841
3845
3846
3847
3848
3849
3850
3851
3852
3855
3856
3857
3858
3859
3860
3861
3862
3863
3864
3868
3869
3871
3876
3878
3879
3880
3881
3882
3883
3888
3889
3893
3894
3896
3897
3898
3899
3900
3901
3902
3903
3904
3906
3908
3909
3910
3911
3912
3913
3914
3915
3918
3919
3921
3923
3924
3926
3927
3929
3930
3931
3932
3935
3937
3938
3939
3941
3942
3943
3944
3945
3946
3947
3948
3950
3951
3952
3954
3955
3956
3958
3959
3960
3961
3962
3963
3964
3965
3966
3967
3969
3975
3978
3980
3981
3983
3984
3985
3987
3988
3989
3991
3992
3993
3994
3998
3999
4001
4002
4004
4005
4006
4007
4008
4010
4012
4013
4014
4015
4016
4018
4019
4020
4022
4024
4025
4026
4027
4028
4029
4031
4032
4035
4037
4041
4042
4044
4045
4047
4051
4052
4053
4054
4056
4057
4059
4061
4062
4063
4064
4065
4068
4069
4070
4071
4072
4073
4075
4077
4081
4082
4085
4087
4089
4090
4092
4093
4094
4095
4097
4098
4100
4101
4104
4105
4107
4110
4111
4118
4122
4123
4126
4127
4128
4130
4132
4133
4134
4135
4136
4137
4138
4139
4140
4141
4142
4144
4145
4147
4148
4149
4151
4152
4154
4156
4157
4158
4159
4160
4162
4163
4164
4165
4166
4168
4169
4171
4172
4173
4176
4177
4178
4179
4181
4183
4186
4187
4189
4191
4192
4193
4195
4196
4199
4201
4202
4206
4207
4209
4210
4211
4212
4215
4216
4218
4219
4220
4224
4227
4228
4231
4233
4236
4237
4242
4243
4244
4245
4247
4248
4249
4250
4251
4252
4253
4255
4258
4259
4261
4262
4263
4264
4265
4266
4267
4268
4269
4271
4274
4275
4277
4278
4281
4282
4283
4284
4285
4287
4288
4289
4291
4292
4293
4294
4298
4299
4301
4302
4304
4305
4306
4308
4309
4311
4312
4318
4319
4322
4323
4324
4325
4326
4327
4329
4330
4332
4334
4335
4336
4340
4341
4342
4345
4346
4347
4348
4349
4350
4351
4353
4354
4355
4356
4357
4358
4359
4362
4363
4364
4365
4366
4367
4369
4370
4371
4372
4373
4375
4376
4377
4378
4379
4380
4384
4385
4386
4389
4390
4391
4392
4395
4398
4399
4400
4401
4406
4407
4408
4409
4410
4411
4413
4415
4416
4418
4419
4420
4422
4423
4424
4425
4426
4428
4429
4430
4431
4433
4434
4436
4437
4438
4439
4440
4442
4443
4446
4447
4448
4450
4452
4453
4454
4457
4458
4459
4462
4463
4464
4465
4468
4469
4470
4471
4472
4473
4474
4476
4477
4478
4479
4481
4484
4485
4486
4487
4488
4491
4492
4495
4496
4497
4498
4501
4502
4504
4505
4506
4508
4511
4513
4515
4517
4518
4519
4521
4522
4526
4527
4530
4534
4536
4537
4538
4539
4541
4543
4545
4547
4548
4549
4550
4551
4553
4554
4556
4559
4560
4561
4562
4563
4564
4566
4567
4568
4570
4573
4574
4575
4576
4577
4578
4579
4582
4583
4584
4585
4586
4588
4589
4590
4591
4592
4593
4594
4596
4598
4599
4600
4601
4602
4604
4610
4611
4612
4613
4614
4616
4617
4618
4620
4621
4622
4624
4626
4629
4630
4632
4634
4635
4636
4638
4639
4641
4642
4643
4645
4646
4648
4650
4651
4652
4653
4655
4660
4663
4664
4667
4668
4671
4674
4675
4676
4680
4682
4683
4684
4688
4689
4690
4691
4692
4693
4694
4697
4698
4699
4701
4704
4705
4706
4710
4711
4713
4715
4716
4717
4718
4719
4721
4722
4727
4729
4730
4731
4733
4734
4739
4742
4743
4744
4745
4746
4748
4750
4752
4753
4755
4756
4757
4761
4762
4764
4765
4766
4768
4769
4770
4772
4776
4777
4778
4779
4781
4782
4783
4784
4787
4788
4789
4791
4792
4793
4794
4795
4796
4797
4798
4799
4801
4802
4804
4807
4810
4811
4813
4815
4816
4818
4819
4820
4824
4825
4826
4827
4828
4829
4830
4831
4832
4835
4836
4839
4840
4841
4842
4843
4845
4846
4847
4848
4849
4850
4851
4853
4856
4858
4859
4861
4862
4863
4865
4866
4867
4870
4871
4873
4876
4877
4878
4879
4882
4883
4885
4887
4888
4891
4893
4894
4895
4896
4897
4899
4901
4902
4904
4905
4906
4907
4909
4910
4911
4912
4913
4914
4915
4916
4917
4918
4919
4922
4923
4925
4927
4928
4930
4931
4932
4933
4934
4938
4939
4940
4941
4942
4943
4944
4948
4949
4950
4951
4953
4954
4955
4957
4958
4959
4960
4961
4962
4963
4964
4965
4969
4970
4971
4972
4974
4978
4979
4980
4982
4983
4984
4985
4986
4987
4991
4992
4993
4994
4995
4996
4997
4998
5000
5002
5003
5004
5005
5007
5009
5010
5012
5013
5017
5019
5020
5022
5024
5025
5029
5032
5034
5036
5042
5043
5045
5046
5047
5049
5052
5053
5054
5056
5059
5062
5063
5065
5070
5071
5072
5073
5074
5075
5077
5080
5081
5083
5084
5086
5091
5096
5097
5098
5099
5100
5101
5102
5104
5105
5106
5109
5110
5111
5113
5114
5115
5116
5117
5118
5120
5121
5122
5123
5124
5127
5128
5130
5131
5132
5133
5135
5137
5138
5140
5143
5144
5145
5146
5148
5149
5150
5151
5154
5155
5156
5159
5161
5162
5165
5166
5168
5170
5173
5177
5182
5183
5186
5188
5190
5191
5192
5193
5194
5196
5197
5198
5199
5200
5203
5205
5206
5208
5209
5210
5212
5213
5216
5218
5220
5221
5222
5223
5224
5225
5227
5229
5231
5232
5234
5236
5237
5238
5239
5240
5241
5242
5243
5245
5247
5248
5249
5251
5252
5254
5257
5258
5259
5261
5262
5263
5264
5267
5270
5271
5273
5275
5279
5280
5281
5282
5283
5284
5285
5286
5289
5291
5292
5293
5294
5296
5299
5301
5304
5305
5306
5307
5311
5315
5317
5322
5323
5328
5332
5335
5337
5338
5340
5341
5342
5343
5344
5345
5346
5347
5348
5350
5354
5356
5357
5359
5362
5363
5364
5365
5367
5369
5370
5371
5372
5374
5376
5377
5378
5380
5381
5383
5385
5386
5388
5389
5390
5391
5392
5393
5394
5395
5396
5398
5399
5401
5405
5406
5409
5411
5412
5414
5415
5416
5418
5420
5421
5422
5423
5424
5425
5427
5428
5429
5430
5431
5434
5436
5437
5438
5439
5441
5444
5447
5451
5452
5453
5455
5456
5457
5459
5460
5462
5463
5464
5465
5466
5467
5468
5469
5471
5473
5474
5475
5476
5477
5478
5480
5481
5484
5486
5487
5488
5489
5491
5492
5494
5495
5498
5501
5502
5503
5504
5508
5509
5510
5511
5512
5514
5516
5517
5520
5521
5523
5528
5530
5531
5532
5533
5536
5537
5538
5540
5541
5544
5545
5546
5547
5550
5551
5553
5554
5555
5556
5557
5558
5561
5563
5564
5566
5568
5569
5570
5572
5573
5574
5575
5576
5578
5579
5580
5582
5584
5585
5586
5587
5589
5594
5595
5596
5597
5599
5600
5602
5606
5607
5609
5610
5611
5612
5613
5616
5617
5618
5619
5620
5621
5622
5625
5626
5627
5629
5630
5633
5634
5635
5636
5638
5639
5641
5642
5644
5645
5648
5649
5653
5654
5655
5656
5657
5658
5659
5661
5662
5663
5667
5668
5669
5670
5672
5675
5676
5677
5678
5679
5680
5681
5682
5683
5684
5685
5686
5687
5689
5691
5692
5696
5697
5698
5700
5701
5702
5704
5705
5706
5707
5710
5711
5712
5716
5717
5718
5721
5722
5723
5725
5726
5728
5730
5731
5732
5734
5738
5740
5741
5742
5743
5746
5747
5748
5752
5753
5758
5759
5763
5764
5766
5767
5768
5770
5771
5772
5773
5775
5776
5778
5779
5781
5783
5784
5785
5788
5790
5791
5792
5794
5796
5798
5799
5800
5802
5803
5807
5808
5809
5811
5812
5817
5819
5821
5822
5823
5824
5826
5828
5829
5830
5831
5833
5834
5835
5838
5839
5841
5843
5846
5847
5848
5849
5850
5852
5853
5855
5856
5860
5861
5862
5863
5864
5865
5866
5868
5870
5871
5873
5874
5875
5877
5878
5882
5884
5886
5887
5890
5892
5893
5894
5895
5896
5899
5901
5902
5903
5904
5905
5906
5913
5914
5915
5917
5920
5921
5922
5924
5925
5926
5928
5929
5930
5931
5934
5935
5936
5937
5940
5942
5943
5944
5946
5948
5949
5952
5956
5959
5960
5962
5963
5965
5966
5967
5971
5972
5974
5975
5976
5977
5978
5979
5980
5984
5985
5986
5987
5988
5990
5993
5994
5997
5999
6000
6001
6004
6005
6006
6007
6008
6009
6010
6011
6012
6014
6015
6018
6020
6023
6025
6026
6027
6028
6029
6033
6034
6035
6039
6040
6041
6042
6044
6046
6047
6051
6054
6055
6057
6060
6062
6064
6066
6067
6068
6069
6070
6071
6072
6073
6074
6075
6076
6078
6082
6085
6086
6087
6088
6089
6091
6096
6097
6098
6099
6101
6103
6104
6109
6110
6111
6112
6113
6114
6115
6117
6118
6119
6120
6121
6122
6123
6125
6126
6127
6128
6131
6136
6137
6138
6139
6142
6144
6146
6148
6149
6150
6151
6153
6154
6155
6156
6157
6159
6160
6164
6165
6167
6168
6170
6173
6175
6176
6177
6178
6179
6180
6183
6184
6185
6186
6187
6189
6192
6194
6195
6198
6199
6200
6201
6202
6203
6204
6206
6207
6210
6211
6212
6214
6216
6217
6218
6220
6223
6224
6225
6226
6227
6228
6231
6232
6234
6235
6236
6238
6239
6240
6242
6243
6245
6246
6248
6251
6253
6254
6255
6256
6257
6259
6260
6262
6263
6264
6266
6267
6268
6270
6272
6273
6275
6278
6279
6280
6282
6283
6284
6285
6287
6289
6290
6291
6292
6293
6294
6295
6296
6300
6301
6304
6305
6307
6308
6311
6313
6319
6320
6321
6322
6323
6326
6328
6330
6331
6332
6333
6334
6337
6338
6339
6340
6341
6342
6345
6347
6348
6349
6350
6354
6355
6356
6357
6358
6359
6360
6361
6363
6364
6366
6369
6370
6371
6372
6374
6375
6376
6377
6379
6380
6381
6384
6386
6387
6388
6389
6391
6394
6397
6400
6403
6404
6406
6407
6408
6409
6412
6415
6417
6419
6421
6422
6423
6424
6427
6428
6429
6430
6432
6436
6438
6439
6440
6441
6442
6445
6446
6447
6451
6452
6454
6455
6457
6458
6459
6460
6461
6464
6465
6466
6467
6469
6472
6473
6474
6475
6476
6477
6479
6480
6483
6484
6485
6486
6487
6490
6491
6493
6494
6495
6496
6498
6499
6501
6502
6503
6504
6505
6506
6507
6508
6509
6510
6512
6513
6515
6517
6518
6519
6524
6525
6526
6527
6529
6530
6531
6532
6535
6536
6537
6539
6540
6541
6543
6544
6545
6546
6548
6549
6551
6552
6553
6555
6556
6557
6559
6562
6564
6566
6569
6570
6571
6575
6578
6581
6583
6584
6585
6586
6588
6589
6591
6594
6596
6597
6598
6604
6607
6608
6609
6610
6611
6613
6614
6616
6617
6618
6621
6623
6625
6626
6627
6631
6635
6636
6637
6639
6640
6641
6642
6644
6646
6647
6649
6650
6651
6652
6653
6654
6655
6657
6659
6660
6661
6662
6663
6664
6665
6669
6672
6673
6674
6679
6680
6682
6686
6687
6691
6692
6694
6695
6697
6698
6701
6702
6703
6708
6709
6710
6712
6713
6714
6715
6716
6717
6718
6719
6720
6721
6722
6723
6724
6729
6730
6736
6737
6738
6740
6742
6744
6747
6748
6749
6751
6752
6753
6754
6755
6761
6762
6763
6764
6766
6767
6768
6769
6770
6771
6772
6774
6775
6777
6779
6780
6781
6783
6784
6787
6788
6789
6790
6791
6792
6793
6795
6797
6798
6800
6802
6803
6804
6805
6806
6807
6808
6809
6811
6812
6813
6814
6815
6816
6819
6821
6822
6823
6824
6826
6828
6830
6831
6832
6834
6835
6836
6838
6839
6840
6841
6842
6843
6844
6845
6846
6850
6852
6853
6855
6856
6857
6858
6862
6863
6864
6868
6869
6872
6873
6877
6879
6881
6882
6883
6884
6886
6890
6891
6894
6895
6897
6898
6899
6900
6901
6902
6905
6908
6909
6910
6912
6913
6914
6916
6918
6920
6921
6922
6923
6925
6927
6928
6929
6932
6933
6934
6935
6939
6941
6942
6943
6944
6945
6947
6948
6949
6951
6952
6953
6955
6956
6958
6961
6963
6966
6968
6969
6970
6971
6973
6974
6975
6976
6977
6979
6980
6982
6986
6989
6990
6991
6992
6993
6994
6995
6996
6998
6999
7001
7003
7004
7006
7007
7008
7010
7011
7013
7017
7020
7021
7022
7023
7024
7025
7027
7028
7029
7030
7032
7033
7036
7037
7038
7040
7042
7043
7044
7046
7047
7049
7053
7054
7055
7056
7058
7059
7060
7061
7062
7063
7065
7066
7069
7070
7072
7073
7074
7075
7076
7077
7078
7079
7080
7081
7082
7083
7084
7085
7086
7087
7089
7090
7092
7093
7095
7096
7097
7099
7100
7101
7103
7104
7105
7106
7107
7110
7111
7112
7113
7114
7116
7117
7118
7121
7122
7125
7132
7135
7137
7138
7139
7140
7141
7149
7150
7153
7154
7155
7156
7157
7158
7159
7161
7164
7166
7167
7168
7169
7170
7171
7172
7173
7179
7181
7185
7186
7187
7189
7193
7195
7196
7197
7198
7200
7201
7203
7206
7207
7210
7211
7212
7213
7214
7215
7216
7217
7220
7221
7222
7225
7229
7231
7233
7235
7236
7237
7238
7241
7244
7245
7246
7247
7248
7249
7252
7253
7254
7258
7259
7260
7261
7262
7263
7264
7265
7270
7271
7273
7274
7275
7276
7278
7279
7280
7281
7283
7284
7286
7288
7289
7292
7293
7294
7295
7297
7298
7299
7301
7303
7304
7305
7306
7309
7310
7313
7315
7316
7317
7319
7321
7323
7324
7325
7326
7328
7329
7331
7336
7338
7345
7348
7350
7352
7354
7355
7357
7359
7360
7361
7362
7363
7364
7365
7366
7367
7370
7371
7372
7374
7377
7378
7379
7380
7382
7385
7387
7388
7389
7392
7394
7396
7397
7398
7400
7402
7403
7405
7406
7407
7409
7410
7411
7412
7414
7416
7417
7418
7421
7422
7423
7424
7425
7426
7427
7428
7429
7431
7432
7439
7441
7442
7444
7448
7450
7451
7452
7454
7456
7460
7461
7462
7463
7464
7465
7467
7469
7470
7471
7472
7473
7474
7475
7477
7480
7481
7482
7484
7485
7486
7490
7491
7492
7494
7495
7496
7497
7499
7500
7502
7504
7505
7506
7508
7509
7510
7511
7512
7513
7514
7517
7518
7520
7522
7524
7525
7528
7529
7530
7534
7536
7537
7538
7540
7543
7547
7548
7549
7550
7551
7554
7556
7563
7565
7566
7569
7570
7571
7572
7574
7575
7576
7577
7579
7580
7581
7582
7583
7584
7585
7588
7589
7590
7591
7592
7595
7596
7599
7600
7602
7604
7605
7607
7608
7609
7616
7617
7620
7621
7623
7624
7626
7628
7629
7630
7635
7637
7640
7641
7642
7643
7644
7645
7646
7647
7650
7651
7652
7653
7654
7655
7656
7657
7658
7659
7661
7662
7663
7665
7666
7667
7668
7670
7672
7673
7674
7675
7676
7678
7679
7681
7685
7688
7689
7690
7692
7693
7694
7696
7697
7698
7700
7701
7704
7706
7707
7708
7709
7710
7711
7713
7715
7716
7717
7718
7719
7722
7723
7725
7727
7728
7729
7731
7732
7734
7738
7739
7743
7744
7746
7747
7749
7750
7751
7752
7753
7754
7755
7756
7757
7759
7760
7762
7764
7765
7767
7770
7773
7774
7777
7779
7780
7782
7788
7789
7790
7791
7793
7794
7795
7797
7798
7800
7801
7802
7803
7804
7805
7806
7807
7808
7809
7812
7818
7819
7820
7822
7823
7824
7828
7829
7831
7832
7833
7834
7835
7836
7837
7838
7840
7842
7843
7844
7846
7847
7848
7851
7852
7853
7854
7855
7856
7857
7860
7861
7862
7863
7866
7867
7868
7869
7870
7871
7874
7875
7877
7878
7879
7880
7881
7884
7886
7888
7889
7890
7892
7893
7895
7896
7899
7902
7903
7904
7905
7906
7907
7908
7909
7910
7911
7912
7916
7917
7918
7921
7922
7925
7926
7931
7932
7933
7935
7937
7940
7944
7945
7946
7947
7948
7949
7952
7953
7954
7955
7960
7961
7963
7965
7966
7969
7970
7971
7972
7974
7975
7976
7978
7980
7981
7983
7986
7987
7988
7989
7990
7991
7992
7993
7994
7997
7998
7999
8000
8002
8003
8004
8006
8009
8012
8014
8016
8017
8019
8020
8021
8024
8025
8026
8027
8028
8029
8031
8032
8034
8035
8037
8038
8039
8041
8043
8044
8047
8050
8052
8053
8054
8055
8057
8058
8060
8061
8062
8063
8066
8067
8068
8069
8073
8074
8078
8080
8081
8085
8086
8087
8089
8090
8091
8092
8094
8095
8096
8098
8100
8101
8102
8103
8106
8107
8108
8109
8111
8115
8116
8117
8119
8120
8121
8122
8123
8125
8126
8127
8128
8129
8131
8133
8135
8136
8137
8138
8139
8140
8141
8143
8144
8145
8147
8150
8152
8153
8154
8157
8159
8162
8163
8164
8165
8167
8169
8170
8171
8172
8176
8178
8180
8181
8182
8184
8187
8189
8191
8193
8194
8195
8196
8198
8199
8200
8201
8202
8204
8206
8207
8210
8212
8214
8215
8216
8217
8218
8220
8222
8225
8226
8228
8230
8233
8237
8238
8239
8240
8242
8245
8246
8247
8248
8249
8250
8251
8252
8253
8256
8257
8259
8261
8262
8263
8264
8265
8266
8267
8268
8269
8271
8274
8275
8276
8277
8279
8281
8282
8283
8286
8287
8289
8290
8293
8295
8296
8297
8298
8299
8300
8304
8307
8310
8311
8313
8314
8315
8316
8317
8318
8319
8320
8321
8322
8323
8324
8325
8326
8328
8329
8330
8332
8334
8335
8339
8340
8341
8344
8346
8347
8348
8349
8350
8351
8352
8354
8355
8359
8360
8362
8363
8365
8366
8367
8369
8370
8371
8372
8373
8374
8375
8376
8378
8380
8381
8382
8383
8385
8386
8387
8390
8393
8395
8396
8397
8400
8402
8408
8409
8411
8413
8414
8415
8416
8417
8418
8419
8423
8427
8429
8430
8431
8432
8433
8434
8435
8436
8437
8440
8441
8442
8444
8447
8448
8449
8452
8453
8454
8455
8457
8464
8466
8467
8468
8470
8472
8475
8476
8477
8479
8481
8482
8483
8485
8486
8487
8488
8490
8492
8493
8494
8495
8496
8497
8498
8499
8500
8501
8503
8504
8506
8508
8510
8511
8513
8514
8515
8517
8523
8524
8525
8526
8529
8532
8533
8535
8536
8537
8538
8539
8540
8542
8543
8544
8546
8547
8548
8551
8552
8554
8556
8557
8558
8561
8562
8563
8564
8565
8566
8567
8571
8572
8574
8575
8577
8579
8580
8581
8583
8585
8586
8588
8589
8590
8591
8592
8594
8596
8597
8599
8601
8602
8604
8606
8607
8609
8610
8611
8613
8614
8615
8616
8619
8620
8621
8623
8625
8626
8627
8628
8630
8634
8635
8636
8638
8639
8640
8641
8642
8643
8644
8645
8647
8650
8651
8652
8653
8659
8661
8662
8664
8665
8666
8667
8668
8669
8670
8672
8674
8677
8678
8680
8681
8682
8683
8684
8685
8688
8689
8691
8694
8695
8696
8697
8699
8701
8705
8706
8707
8708
8709
8710
8711
8714
8717
8720
8721
8723
8724
8725
8726
8728
8729
8732
8733
8734
8736
8737
8739
8740
8741
8742
8743
8744
8745
8748
8749
8750
8751
8752
8755
8758
8759
8760
8763
8764
8766
8767
8768
8769
8771
8772
8773
8774
8775
8779
8781
8785
8786
8787
8788
8790
8791
8793
8794
8795
8796
8797
8799
8800
8802
8803
8805
8806
8807
8809
8810
8812
8813
8815
8817
8818
8819
8823
8825
8826
8829
8830
8831
8832
8833
8836
8837
8838
8839
8842
8843
8844
8846
8848
8849
8850
8851
8852
8854
8855
8857
8858
8859
8861
8862
8863
8865
8867
8868
8869
8873
8874
8875
8876
8877
8878
8879
8880
8884
8887
8888
8890
8891
8892
8893
8895
8896
8897
8898
8899
8900
8901
8903
8904
8905
8907
8908
8910
8912
8913
8916
8920
8921
8922
8924
8925
8927
8928
8929
8930
8931
8936
8937
8938
8940
8941
8942
8943
8945
8947
8948
8951
8953
8955
8959
8960
8962
8964
8966
8968
8969
8970
8972
8975
8976
8979
8982
8985
8986
8988
8991
8993
8996
8998
8999
9000
9002
9006
9007
9008
9009
9010
9011
9012
9013
9014
9015
9016
9017
9022
9026
9028
9030
9032
9034
9036
9037
9038
9042
9043
9044
9045
9046
9047
9048
9050
9051
9052
9053
9054
9057
9058
9060
9061
9063
9064
9066
9067
9070
9071
9072
9074
9075
9076
9077
9078
9080
9081
9082
9084
9086
9088
9089
9090
9092
9093
9094
9095
9097
9098
9099
9101
9102
9103
9104
9106
9107
9108
9109
9110
9111
9112
9115
9118
9120
9123
9124
9125
9127
9130
9131
9132
9133
9134
9135
9136
9137
9138
9139
9140
9141
9142
9143
9147
9148
9150
9152
9153
9154
9155
9158
9160
9161
9162
9164
9169
9171
9172
9175
9177
9178
9179
9180
9181
9183
9187
9189
9191
9192
9193
9195
9196
9197
9198
9200
9201
9202
9203
9204
9206
9207
9209
9211
9212
9215
9217
9219
9220
9221
9222
9223
9224
9225
9226
9227
9228
9229
9231
9232
9234
9236
9238
9239
9244
9246
9247
9249
9250
9251
9255
9256
9257
9261
9262
9263
9264
9266
9268
9269
9270
9272
9273
9274
9275
9279
9280
9283
9284
9285
9288
9289
9290
9292
9293
9296
9297
9298
9303
9304
9305
9306
9308
9309
9310
9311
9313
9314
9315
9318
9320
9322
9323
9325
9327
9328
9329
9330
9332
9335
9336
9337
9339
9340
9342
9344
9346
9347
9348
9352
9353
9354
9355
9357
9360
9361
9363
9366
9368
9369
9370
9371
9372
9374
9376
9378
9381
9382
9383
9387
9388
9390
9392
9393
9394
9396
9398
9399
9402
9404
9405
9410
9411
9412
9415
9416
9417
9418
9420
9422
9423
9425
9427
9429
9431
9433
9435
9436
9437
9438
9439
9441
9443
9445
9446
9447
9448
9450
9451
9452
9453
9454
9455
9457
9458
9459
9461
9462
9463
9464
9465
9466
9467
9469
9472
9473
9474
9475
9476
9483
9484
9489
9490
9492
9493
9494
9495
9498
9499
9500
9501
9502
9503
9504
9505
9506
9507
9509
9510
9511
9512
9515
9518
9520
9522
9523
9524
9525
9529
9530
9531
9533
9534
9535
9536
9537
9539
9540
9542
9543
9544
9547
9548
9553
9555
9556
9557
9558
9559
9560
9561
9565
9566
9567
9568
9569
9570
9572
9573
9574
9575
9578
9579
9580
9583
9585
9586
9588
9589
9591
9593
9595
9596
9597
9600
9602
9603
9605
9606
9609
9610
9614
9616
9618
9619
9621
9626
9628
9631
9633
9634
9635
9636
9637
9638
9639
9641
9643
9644
9645
9646
9647
9649
9651
9652
9653
9658
9659
9661
9663
9665
9668
9669
9671
9673
9675
9677
9678
9679
9680
9682
9684
9685
9686
9690
9691
9693
9694
9695
9700
9703
9704
9705
9706
9708
9709
9713
9714
9716
9719
9720
9721
9722
9723
9724
9725
9726
9728
9729
9730
9733
9734
9737
9739
9740
9741
9742
9743
9745
9746
9747
9750
9751
9752
9755
9757
9760
9761
9762
9763
9765
9766
9767
9768
9769
9770
9771
9772
9774
9776
9780
9781
9782
9783
9784
9785
9786
9788
9791
9792
9793
9794
9795
9796
9798
9799
9800
9801
9802
9803
9804
9805
9806
9807
9808
9809
9810
9812
9813
9814
9819
9821
9822
9830
9832
9833
9834
9835
9837
9839
9840
9841
9842
9845
9846
9847
9848
9849
9850
9853
9854
9855
9857
9858
9860
9861
9862
9864
9865
9867
9868
9871
9872
9874
9875
9877
9878
9879
9881
9882
9885
9887
9888
9889
9891
9892
9895
9896
9897
9898
9900
9901
9902
9903
9906
9908
9910
9911
9912
9913
9915
9916
9917
9918
9920
9923
9924
9925
9928
9929
9930
9933
9934
9935
9937
9940
9941
9943
9944
9946
9947
9948
9950
9951
9953
9954
9956
9957
9958
9959
9960
9961
9964
9965
9966
9967
9968
9969
9970
9971
9974
9975
9977
9978
9979
9980
9981
9984
9986
9988
9989
9993
9994
9995
9996
9997
10000
